18362742969
15777042382
14575398536
13570362185
13939435238
16570309696
15316301985
13538276481
18504526519
18815315135
13068504794
15521431552
13237454912
13398912275
13024955728
15208637858
13057116071
13753964419
15835219659
18596823228
13410518055
19949277169
19866864134
18019329839
13067844872
13703958797
13977625270
17657034103
17313949674
15306917299
14594651394
15910048079
15110417353
18453418049
15883506702
17895862890
15827137831
17632205359
18738473435
14767373342
19849475096
18484812240
13107877660
13826027691
13327575873
13372086693
18617972034
16562138482
17361543463
13812957962
18928142541
18474992873
13544405498
15954024436
13780179429
18957782683
15733494871
17183802678
18230095175
18850495543
18381529750
15852613143
18029346024
14531205854
18872251490
17781391858
13047566319
15342478095
18302749567
17179967077
14599424205
18790327221
18917237548
18389314229
17716777149
15120132767
15804294911
13205599904
15162806782
17534377936
18099565917
18969913426
13994479325
13228908577
18498527082
18349084022
17619672338
14990494752
18910887755
13215165089
15804768694
17355804788
14979316111
13995783503
15596588764
15373952702
15506092189
13807595821
17831124535
18075599493
17697738103
13044605666
17887467105
13884115516
17884808512
18648033372
18121094322
18722557987
14538205369
13246146428
18039749124
15152926182
15588835709
15991311206
13407332775
15249982233
16560144583
17883275449
15283314508
15818013842
13670711628
15869978811
15365443952
13972383933
17798126878
17739238706
13856774621
13210409806
13599387250
14743894024
13740954539
13659926894
15758577499
18982591257
15280551192
17732727093
13419013147
14776115750
17540036842
19827685176
15029237158
18232199662
13405607818
18314971592
17505064218
13790044622
13653201468
13684485717
13512995331
13295625050
18734413675
18887016175
19853611988
15732068882
17750845258
13195481269
15808946501
14773378203
18051322125
13500727412
15009741801
13511222409
14733338167
17623471367
15585764064
14518228916
18604482559
13151704457
13689335182
13084671441
19868163103
15144462461
18300175285
15260734508
13323146586
14585919903
16608508165
15240058198
18882984424
17735287555
17292699573
17764872185
17530588158
17198014816
18352965683
17206608560
18983066570
18539651670
15912071617
18181742816
15806677633
17186412060
15664117681
15397969802
15882676090
16502332197
18776174844
15143541972
19850944429
18843333968